0.437696069479	0.960579037666	0.0
0.447696069479	0.955049819255	-0.505083699056
0.457696069479	0.949518494591	-0.505244994004
0.467696069479	0.943987919662	-0.505187583206
0.477696069479	0.938460950457	-0.504911424997
0.487696069479	0.932940442965	-0.504416319001
0.497696069479	0.927429253172	-0.503701906166
0.507696069479	0.921930237067	-0.502767668828
0.517696069479	0.916446250638	-0.501612930809
0.527696069479	0.910980149873	-0.500236857557
0.537696069479	0.90553479076	-0.49863845634
0.547696069479	0.900113029287	-0.496816576499
0.557696069479	0.894717721443	-0.49476990979
0.567696069479	0.889351723215	-0.492496990804
0.577696069479	0.884017890591	-0.489996197526
0.587696069479	0.87871907956	-0.487265752011
0.597696069479	0.87345814611	-0.484303721236
0.607696069479	0.868237946228	-0.481108018149
0.617696069479	0.863061335902	-0.477676402934
0.627696069479	0.857931171122	-0.474006484546
0.637696069479	0.852850307874	-0.470095722548
0.647696069479	0.847821602147	-0.465941429293
0.657696069479	0.842847909929	-0.461540772504
0.667696069479	0.837932087208	-0.456890778295
0.677696069479	0.833076989972	-0.451988334711
0.687696069479	0.82828547421	-0.446830195819
0.697696069479	0.823560395908	-0.441412986446
0.707696069479	0.818904611056	-0.435733207622
0.717696069479	0.814320975641	-0.429787242801
0.727696069479	0.809812345651	-0.423571364961
0.737696069479	0.805381577075	-0.417081744646
0.747696069479	0.801031525901	-0.410314459073
0.757696069479	0.796765048116	-0.403265502371
0.767696069479	0.792584999708	-0.395930797075
0.777696069479	0.788494236667	-0.388306206979
0.787696069479	0.784495614979	-0.380387551445
0.797696069479	0.780591990633	-0.372170621299
0.807696069479	0.776786219617	-0.363651196403
0.817696069479	0.773081157919	-0.354825065043
0.827696069479	0.769479661527	-0.345688045219
0.837696069479	0.765984586429	-0.336236007958
0.847696069479	0.762598788614	-0.326464902744
0.857696069479	0.759325124069	-0.316370785155
0.867696069479	0.756166448782	-0.305949846793
0.877696069479	0.753125618741	-0.295198447553
0.887696069479	0.750205489935	-0.284113150282
0.897696069479	0.747408918351	-0.272690757846
0.907696069479	0.744738759978	-0.260928352584
0.917696069479	0.742197870804	-0.248823338093
0.927696069479	0.739789106816	-0.236373483275
0.937696069479	0.737515324003	-0.223576968482
0.947696069479	0.735379378353	-0.210432433589
0.957696069479	0.733384125854	-0.196939027728
0.967696069479	0.731532422494	-0.183096460395
0.977696069479	0.729827124261	-0.168905053522
0.987696069479	0.728271087143	-0.154365794086
0.997696069479	0.726867167128	-0.13948038671
1.00769606948	0.725618220205	-0.124251305668
1.01769606948	0.724527102361	-0.108681845606
1.02769606948	0.723596669584	-0.0927761702442
1.03769606948	0.722829777863	-0.0765393582328
1.04769606948	0.722229283185	-0.0599774453089
1.05769606948	0.721798041539	-0.0430974618319
1.06769606948	0.721538908912	-0.025907464763
1.07769606948	0.721454741293	-0.00841656313835
1.08769606948	0.72154839467	0.00936506390004
1.09769606948	0.721822725031	0.027426157413
