0.757208704948	0.649906635284	0.0
0.767208704948	0.645705616402	-0.39771459856
0.777208704948	0.641955424209	-0.35878751996
0.787208704948	0.63863883298	-0.320243009008
0.797208704948	0.635738616988	-0.282277345469
0.807208704948	0.633237550508	-0.245079035182
0.817208704948	0.631118407814	-0.20882490228
0.827208704948	0.629363963181	-0.173676889998
0.837208704948	0.627956990882	-0.139779702787
0.847208704948	0.626880265192	-0.107259343212
0.857208704948	0.626116560385	-0.0762225224517
0.867208704948	0.625648650735	-0.0467568618055
0.877208704948	0.625459310517	-0.0189317597215
0.887208704948	0.625531314004	0.00720022430239
0.897208704948	0.625847435472	0.0316016227297
0.907208704948	0.626390449193	0.0542480946392
0.917208704948	0.627143129443	0.0751263681277
0.927208704948	0.628088250495	0.0942321928905
0.937208704948	0.629208586623	0.111568380417
0.947208704948	0.630486912103	0.127142985685
0.957208704948	0.631906001208	0.140967663778
0.967208704948	0.633448628213	0.153056218352
0.977208704948	0.63509756739	0.163423346398
0.987208704948	0.636835593016	0.172083575095
0.997208704948	0.638645479364	0.179050381174
1.00720870495	0.640510000708	0.184335480463
1.01720870495	0.642411931322	0.187948274677
1.02720870495	0.644334045482	0.189895443407
1.03720870495	0.64625911746	0.190180671264
1.04720870495	0.648169921531	0.188804502938
1.05720870495	0.650049231969	0.185764322086
1.06720870495	0.651879823049	0.181054453469
1.07720870495	0.653644469045	0.174666391211
1.08720870495	0.655325944231	0.166589159388
1.09720870495	0.656907022881	0.156809814106
1.10720870495	0.658370479269	0.145314098508
1.11720870495	0.65969908767	0.132087263513
1.12720870495	0.660875622358	0.117115067011
1.13720870495	0.661882857607	0.100384962328
1.14720870495	0.662703567691	0.0818874823371
1.15720870495	0.663320526885	0.0616178181501
1.16720870495	0.663716509462	0.039577580202
1.17720870495	0.663874289697	0.015776714427
1.18720870495	0.663776641864	-0.00976447292032
1.19720870495	0.663406340238	-0.0370132508803
1.20720870495	0.662746159092	-0.0659224536752
1.21720870495	0.661778872702	-0.0964286432008
1.22720870495	0.66048725534	-0.128450583302
1.23720870495	0.658854081281	-0.161888177877
1.24720870495	0.6568621248	-0.196622025091
1.25720870495	0.65449416017	-0.232513723344
1.26720870495	0.651732961666	-0.269407028519
1.27720870495	0.648561303562	-0.307129906655
1.28720870495	0.644961960133	-0.345497455199
1.29720870495	0.640917705652	-0.3843155872
1.30720870495	0.636411314394	-0.423385296555
1.31720870495	0.631425560633	-0.462507260567
1.32720870495	0.625943218643	-0.501486498809
1.33720870495	0.619947062698	-0.540136801211
1.34720870495	0.613419867073	-0.578284664425
1.35720870495	0.606344406041	-0.615772529316
1.36720870495	0.598703453878	-0.652461184614
1.37720870495	0.590479784857	-0.688231280989
1.38720870495	0.581656173252	-0.722983974731
1.39720870495	0.572215393339	-0.756640782051
1.40720870495	0.562140219389	-0.789142768444
